 Participant_ID  PHQ8_Binary  PHQ8_Score  Gender  PHQ8_NoInterest  \
0              303            0           0       0                0   
1              304            0           6       0                0   
2              305            0           7       1                0   
3              310            0           4       1                1   
4              312            0           2       1                0   
5              313            0           7       1                1   
6              315            0           2       1                0   
7              316            0           6       1                1   
8              317            0           8       1                1   
9              318            0           3       1                0   
10             319            1          13       1                2   
11             320            1          11       0                1   
12             321            1          20       0                2   
13             322            0           5       1                1   
14             324            0           5       1                1   
15             325            1          10       0                1   
16             326            0           2       1                0   
17             327            0           4       0                0   
18             328            0           4       1                0   
19             330            1          12       1                1   
20             333            0           5       1                1   
21             336            0           7       1                0   
22             338            1          15       0                2   
23             339            1          11       1                1   
24             340            0           1       1                0   
25             341            0           7       0                2   
26             343            0           9       1                1   
27             344            1          1
